CONSENSUS PAGINARUM EDITIONIS STEPn. CUM LUGD. ET FRANCOF. 72⁴

 

 

Stepll11. Lugd. Francos. 3158le Lugd. Francos. Steph. Lugd. Francof.
Tom. . om. . Τοιιι.11.
821 47, 6. 1111. 569, 11. 6. 402 438, f. 2. 619, 6. 5. 478 467, 11. 2. 668, 11. 6.
7 409, 11. 1. 571, a. 1. 3 439, a. 1111. 620, 6. 5. 9 468, c. ult 669, b. 8.
8 410, a. 2. 572, a. 3. 4 439, (1. pen. 621, a. 6. 480 468, f. ult. 669, s. ult.
9 410, 11. 2. 572, (1. ult. 5 439, g. 8. 621, 6. 1. 4 469, a. 1. 671, a. 1.
330 410, g. 3. 573, c. 2. 6 440, e. 6. 622, b. 8. 5 469, c. 7. 672, b. 3.
1 411, c. 1. 574, a. 3. 7 440, 1. 2. 622, f. 3. 6 469, f. 3. 672, e. 8.
2 411, 1. 3. 574, 6. 3. 8 441, a. ult. 623, d. 2. 7 470, c. 2. 673, c. 6.
3 412, a. 10. 575, c. 4. 9 441, d. 9. 624, b. 2. 8 470, 1. 1. 674, a. 9.
4 412, 11. 9. 576, a. 3. 410 441, g. fi. 624, e. 7. 9 471, a. 9. 674, 6. 6.
5 412, g. 10. 576, e. 1. 11 442, c. 5. 625, c. 9. 490 471, (1. 9. 675, c. 9.
6 413, c. 9. 577, e. 5. 12 442, 1. 5. 626, a. ult. 1 471, g. 4. 676, a. 9.
7 413, 1. 10. 578, 6. 7. 13 443, 11. 3. 626, 6. 7. 2 472, c. 4. 676, e. 5.
8 414, 11. 9. 578, 6. 7. 14 443, e. 3. 627, c. 7. 3 472, 1. 3. 677, c. 6.
9 414, e. 8. 579, 6. 5. 15 443, h. 2. 628, a. 9. 4 473, b. 2. 678, a. 8.
340 415, a. 4. 580, a. 5. 16 444, 0. pen. 628, e. 6. 5 473, e. 2. 678, e. 4.
1 415, (1. 6. 580, 6. 4. 17 444, 1. 7. 629, c. 4. 6 473, 11. 2. 679, 6. 8.
2 415, g. 8. 581, c. 7. 19 445, a. 1. 631, a. 1. 7 474, c. 9. 680, a. 8.
3 416, c. 8. 582, a. 1111. 420 445, b. 2. 631, b. 7. 8 474, 1. 7. 680, 6. 7.
4 416, 1. 8. 582,6. 1111. 1 445, d. ult. 632, a. 2. 9 475, b. 4. 681, c. 7.
5 417,11. 6. 583, c. 1111. 2 446, a. 9. 632, e. 8. 500 475, e. 5. 682, a. 5.
6 417, 6. 4. 584, a. 6. 3 446, d. 8. 633, c. 8. 1 475,11. 3. 682, d. 9.
7 417, 11. 5. 584, e. 5. 4 446, g. 1111. 634, a. 9. 2 476, c. pen 683, b. ult.
8 418, c. 11. 585, c. 9. 5 447, c. 6. 634, 6. 5. 3 476, 1. 4. 683, f. pen
9 418, g 3. 586, 11. 2. 6 447, f. 6. 635, c. 5. 4 477, b. 2. 684, d. 2.
350 419, c. 1. 586, 6. 9. 7 448, a. pen 636 a. 6. 5 477, e. 3. 685, b. 4.
1 419, 1. 2. 587, (1. 4. 8 448, d. 7. 636, e. 2. 6 477, g. pen 685, e. ult.
2 420, b. 4. 588, b. 6. 9 448, g. pen 637, c. 2. 7 478, c. 7. 686, c. 9.
3 420, e. 4. 588, f. 1. 430 449, c. 5. 638, a. 3. 8 478, f. 5. 687, a. 5.
4 420, 11. 4. 589, (1. 2. 1 449, f. 6. 638, e. 2. 9 479, a. ult. 687, 6. 2.
7 421, c. 1. 591, a. 1. 2 450, b. 3. 639, c. 4. 510 479, 11. 6. 688, b. 8.
8 421, (1. 8. 591, 11. 1. 3 450, e. 4. 640, a. 5. 11 479, g. 3. 688, f. 1.
9 422, b. 1. 592, b. 3. 4 450, 11. 4. 640, e. 4. 14 480, 11. 8. 692, a. 1
360 422, 6. 2. 592, 1. 1. 5 451, c. 1111. 641, c. 2. 15 480, c. 6. 692, b. 8
1 423, .1. 593, d. 3. 6 451, f. 8. 642, a. 3. 16 481, a. 6. 693, c. pen
2 423,11. 1. 594, b. 3. 7 452, b. 8. 642, d. 8. 17 481, d. 8. 694, a. 8
3 423, 1. 6. 594, e. 8. 8 452, 6. 8. 643, 11. 9. 18 481, g. 5. 694, e. 2
4 424, a. 9. 595, c. 7. 9 453, a. 5. 643, s. 1111. 19 482, c. 1. 695, b. pen
5 424, d. 10 595, f.u1t. 440 453, d. 5. 644, d. 7. 520 482, 6. peu. 695, f. 2.
6 424, g. 9. 596, d. 8. 1 453, g. 5. 645, b. 8. 1 483, a. 5. 696, (1. 3.
7 425, 6. 4. 597, 6. ult. 2 454, 0. 4. 645, f. 1111. 2 483, (1. 2. 697, b. 1.
8 425, 1. 4. 598, a. 3. 3 454, f. 2. 646, (1. 8. 3 483, g. 2. 697, e. ult.
9 426, b. 4. 598,‹1. 9. 4 455, b. 2. 647, c. 1. 4 484. c· 3· 698,c. 9911-
370 426, e. 2. 599, 11. 9. 5 455, 6. 2. 648, 11. 2. 5 484, 1. 3. 699, b. 1.
1 426, 11. 2. 600, a. 2. 9 456, a. 1. 650, a. 1. 6 485, a. 7. 699, 6. 3.
2 427, d. 1. 600, (1, pen. 450 456, e 5. 650, d. 1. ⁷ 485, 11. 7. 700, c. 7.
3 427, g. 2. 601, 6. 3. 1 456, 61111. 651, 11. 6. 8 485, g. 6. 701, a. 9.
4 428, b. 9. 602, a. 6. 2 457, e. 6. 651, 1. 2. 9 486, 6. 5. 701, 6. 5.
5 428, 6. 9. 602, 6. 2. 3 457, f. 3. 652, d. 1. 530 -486, 1. 5. 702, c. 6.
6 429,11. 7. 603, c. 2. 4 458, b. 3. 653, 11. 1. 1 487, b. 3. 703, 11. 8.
7 429, d. 5. 604, a. 2. 5 458, 6 1. 653, e. 6. 2 487, 6. 1. 703, e. 4.
8 429, g. 9. 604, d.8. 6 458, g. 6. 654, c. 6. 3 487, g. 9. 704, c. 3.
9 430, c. 4. 605, b. 7. 7 459, d. 1. 655, a. 5. 4 488, c. 4. 705, a. 3.
380 430, e. ult. 605, f. 3. 8 459, f. ult. 655, e. 2. 5 488, e. pen. 705, d. 8.
1 431, a. 7. 606, 6. ult. 9 460, b. 6. 656, b. 9. 5 489, b· 1· 706, b· 8-
2 431, 11. 7. 607, b. 3. 460 460, e. 6. 656, 1. 1111. 7 489, d. ult. 706, 1. 1.
3 431, g. 1111. 607, 6. 9. 1 461, a. 3. 657, (1. 6. 8 489, g. pen. 707, 11. 3.
6 432, b. 1. 609, a. 1. 2 461,11. 7. 658,11. 6. 9 490, e. 7. 708, b. 4.
7 432, 11. 3. 610, a. 4. 3 461, g. 5. 658, 1. 1 540 490, 1. 6. 708, 6. 9.
8 433, a. 3. 610,11.9. 4 462, b. 8. 659, c. ult 1 491, b. 8. 709, c. 8.
9 433, c. 9. 611, b. 3. 5 462, 6. 6. 660, a. ult 3 491, c. 2. 710, 11. 1.
390 433, 1. 7. 611, 1.1. 6 463, a. 6. 660, 6 6 4 491, 6. 2. 710, 1. ult.
1 434, b. 4. 612, 611611. 7 463, d. 5. 661, 6 6 5 492, 11. 3. 711, 11. 5.
2 434, e. 2. 613, a. pen. 8 463 g. 5. 662 a 6 6 492, (1. 1111. 712, 11. 3.
3 435, a. 1. 613, 6. 5. 9 464 c. 3. 662 6 2 7 492, g. 5. 712, 6. 5.
4 435, 11. 1. 614, c. 5. 470 464, e. ult. 663 11 ult 8 493, e. 2. 713, c. 8.
5 435, 1. 1111. 615, a. 4. 1 465 a. 7. 664 a 1 9 493, 6. 9. 714, a. 5.
6 436, b. 6. 615, d. 9. 2 465 d. 8. 664 (1 5 550 494, a. 8. 714, e. 2.
7 436, 6. 6. 616, 11. 1111. 3 465 g 7 665 11 6 1 494, (1.1111. 715, c. 4.
8 437, a. 4. 617, a. 1. 4 466 c 4 665 1 3 2 494, g. 8. 716, 11. 2.
9 437, 11. 5. 617, (1. 9. 5 466, f. 1. 666, 11. 2. 3 495, c. 4. 716, d. 9.
400 437, g. 7. 618, c. 2. 6 467, a. pen. 667, 11. 6. 4 495, s. 1. 717, 11. 6.
1 438, c. 2. 619, a. 6. 7 467, 11. 1111. 667, 1. 3. 5 496, a. 6. 717, 6. ult.

91

